1 F 3 F B F 7 F 9 FB 11 F 13 F B F 17 F 
1 2 F 4 5 F B 8 F 10 11 F 13 B F 16 17 F 19 20 FB 22 23 F 25 26 F B 29 F 31 32 F 34 B F 37 38 F 40 
1 2 3 F 5 6 7 FB 9 10 11 F 13 14 15 FB 17 18 19 F 21 22 23 FB 25 26 27 F 29 30 31 FB 33 34 35 F 37 38 39 FB 41 42 43 F 45 46 47 FB 49 50 51 F 53 54 55 FB 57 58 59 F 61 62 63 FB 65 66 67 F 69 70 71 FB 73 74 75 F 77 78 79 
1 2 B 4 5 B F 8 B 10 11 B 13 F B 16 
1 2 3 4 5 6 7 8 9 10 11 12 13 14 15 16 F 18 19 20 21 22 23 24 25 26 27 28 29 30 31 B 33 F 35 36 37 38 39 40 41 42 43 44 45 46 47 48 49 50 F 52 53 54 55 56 57 58 59 60 61 62 63 B 65 66 67 F 69 70 71 72 73 74 75 76 77 78 79 80 81 82 83 84 F 86 87 88 89 90 91 92 93 94 95 B 97 98 99 100 
1 2 3 4 5 6 7 F 9 10 11 12 13 14 15 F 17 18 19 20 21 22 23 F 25 26 27 28 29 30 31 F 33 34 35 36 37 38 39 F 41 42 43 44 45 46 47 F 49 50 51 52 53 54 55 F 57 58 59 60 61 62 63 F 65 66 67 68 69 70 71 F 73 74 75 76 77 78 B F 81 82 83 84 85 86 87 F 89 90 91 92 93 94 95 F 97 98 99 100 101 102 103 F 105 106 107 108 109 110 111 F 113 114 115 116 117 118 119 F 121 122 123 124 125 126 127 F 129 130 131 132 133 134 135 F 137 138 139 140 141 142 143 F 145 146 147 148 149 150 151 F 153 154 155 156 157 B 159 F 161 162 163 164 165 166 167 F 169 170 171 172 173 174 175 F 177 178 179 180 181 182 183 F 185 186 187 188 189 190 191 F 193 194 195 196 197 198 199 F 201 202 203 204 205 206 207 F 209 210 211 212 213 214 215 F 217 218 219 220 221 222 223 F 225 226 227 228 229 230 231 F 233 234 235 236 B 238 239 F 241 242 243 244 245 246 247 F 249 250 251 252 253 254 255 F 257 258 259 260 261 262 263 F 265 266 267 268 269 270 271 F 273 274 275 276 277 278 279 F 281 282 283 284 285 286 287 F 289 290 291 292 293 294 295 F 297 298 299 300 301 302 303 F 305 306 307 308 309 310 311 F 313 314 315 B 317 318 319 F 321 322 323 324 325 326 327 F 329 330 331 332 333 334 335 F 337 338 339 340 341 342 343 F 345 346 347 348 349 350 351 F 353 354 355 356 357 358 359 F 361 362 363 364 365 366 367 F 369 370 371 372 373 374 375 F 377 378 379 380 381 382 383 F 385 386 387 388 389 390 391 F 393 394 B 396 397 398 399 F 401 402 403 404 405 406 407 F 409 410 411 412 413 414 415 F 417 418 419 420 421 422 423 F 425 426 427 428 429 430 431 F 433 434 435 436 437 438 439 F 441 442 443 444 445 446 447 F 449 450 
1 2 3 4 5 6 F 8 9 10 11 B 13 F 15 16 17 18 19 20 F 22 23 B 25 26 27 F 29 30 31 32 33 34 F B 37 38 39 40 41 F 43 44 45 46 47 B F 50 51 52 53 54 55 F 57 58 59 B 61 62 F 64 
1 2 3 4 F 6 7 8 9 FB 11 12 13 14 F 16 17 18 19 FB 21 22 23 24 F 26 27 28 29 FB 31 32 33 34 F 36 37 38 39 FB 41 42 43 44 F 46 47 48 49 FB 51 52 53 54 F 56 57 58 59 FB 61 62 63 64 F 66 67 68 69 FB 71 72 73 74 F 76 77 78 79 FB 81 82 83 84 F 86 87 88 89 FB 91 92 93 94 F 96 97 98 99 FB 
1 2 3 4 5 6 7 8 9 10 F 12 13 14 B 16 17 18 19 20 21 F 23 24 25 26 27 28 29 B 31 32 F 34 35 36 37 38 39 40 41 42 43 F B 46 47 48 49 50 51 52 53 54 F 56 57 58 59 B 61 62 63 64 65 F 67 68 69 70 71 72 73 74 B 76 F 78 79 80 81 82 83 84 85 86 87 F 89 
1 2 3 4 5 F B 8 9 10 11 F 13 B 15 16 17 F 19 20 B 22 23 F 25 26 27 B 29 F 31 32 33 34 B F 37 38 39 40 41 FB 43 44 45 46 47 F B 50 51 52 53 F 55 B 57 58 59 F 61 62 B 64 65 F 67 68 69 B 71 F 73 74 75 76 B F 79 80 
1 2 F 4 5 F 7 8 FB 10 11 F 13 14 F 16 17 FB 19 20 F 22 23 F 25 26 FB 28 29 F 31 32 F 34 
F F F F F F F FB F F F F F F F FB F F 
1 2 3 F B 6 7 F 9 B 11 F 13 14 B F 17 18 19 FB 21 22 23 F B 26 27 F 29 B 31 F 33 34 B F 
1 2 3 4 5 6 7 8 9 F 11 12 13 14 15 16 17 18 19 FB 21 22 23 24 25 26 27 28 29 F 31 32 33 34 35 36 37 38 39 FB 41 42 43 44 45 46 47 48 49 F 51 52 53 54 55 56 57 58 59 FB 61 62 63 64 65 66 67 68 69 F 71 72 73 74 75 76 77 78 79 FB 81 82 83 84 85 86 87 88 89 F 91 92 93 94 95 96 97 98 99 FB 101 102 103 104 105 106 107 108 109 F 111 112 113 114 115 116 117 118 119 FB 121 122 123 124 125 126 127 128 129 F 131 132 133 134 135 136 137 138 139 FB 141 142 143 144 145 146 147 148 149 F 151 152 153 154 155 156 157 158 159 FB 161 162 163 164 165 166 167 168 169 F 171 172 173 174 175 176 177 178 179 FB 181 182 183 184 185 186 187 188 189 F 191 192 193 194 195 196 197 198 199 FB 201 202 203 204 205 206 207 208 209 F 211 212 213 214 215 216 217 218 219 FB 221 222 223 224 225 226 227 228 229 F 231 232 233 234 235 236 237 238 239 FB 241 242 243 244 245 246 247 248 249 F 
1 2 3 4 F B 7 8 9 F 11 B 13 14 F 16 17 B 19 
1 2 3 4 5 6 7 8 9 10 11 12 F 14 15 B 17 18 19 20 21 22 23 24 25 F 27 28 29 30 31 B 33 34 35 36 37 38 F 40 41 42 43 44 45 46 47 B 49 
1 2 F 4 B F 7 8 F B 11 F 13 14 FB 16 17 F 19 B F 22 23 F B 26 F 28 29 FB 31 32 F 34 B F 37 38 F B 41 F 43 44 FB 46 47 F 49 B F 52 53 F B 56 F 58 59 FB 61 62 F 64 B F 67 68 F B 71 F 73 74 FB 76 77 F 79 B F 82 83 F B 86 F 88 89 FB 91 92 F 94 B F 97 98 F B 101 F 103 104 FB 106 107 F 109 B F 112 113 F B 116 F 118 119 FB 121 122 F 124 B 
1 2 3 4 5 6 7 8 9 10 11 12 13 F 15 16 17 18 19 20 21 22 23 24 25 26 27 F 29 30 31 32 33 34 35 B 37 38 39 40 41 F 43 44 45 46 
1 2 3 4 5 6 7 8 9 10 F 12 B 14 15 16 17 18 19 20 21 F 23 24 25 B 27 28 29 30 31 32 F 34 35 36 37 38 B 40 41 42 43 F 45 46 47 48 49 50 51 B 53 54 F 56 57 58 59 60 61 62 63 64 B F 67 68 69 70 71 72 73 74 75 76 F 
1 2 F 4 5 F 7 8 F 10 11 F 13 14 F 16 17 FB 19 20 F 22 23 F 25 26 F 28 29 F 31 32 F 34 35 FB 37 38 F 40 41 F 43 44 F 46 47 F 49 50 F 52 53 FB 55 56 F 58 59 F 61 62 F 64 65 F 67 68 F 70 71 FB 73 74 F 76 77 F 79 80 F 82 83 F 85 86 F 88 89 FB 91 92 F 94 95 F 97 98 F 100 101 F 103 104 F 106 107 FB 109 110 F 112 113 F 115 116 F 118 119 F 121 122 F 124 125 FB 127 128 F 130 131 F 133 134 F 136 137 F 139 140 F 142 143 FB 145 146 F 148 149 F 151 152 F 154 155 F 157 158 F 160 161 FB 163 164 F 166 167 F 169 170 F 172 173 F 175 176 F 178 179 FB 181 182 F 184 185 F 187 188 F 190 191 F 193 194 F 196 197 FB 199 200 F 202 203 F 205 206 F 208 209 F 211 212 F 214 215 FB 217 218 F 220 221 F 223 224 F 226 227 F 229 230 F 232 233 FB 235 236 F 238 239 F 241 242 F 244 245 F 247 248 F 250 251 FB 253 254 F 256 257 F 259 260 F 262 263 F 265 266 F 268 269 FB 271 272 F 274 275 F 277 278 F 280 281 F 283 284 F 286 287 FB 289 290 F 292 293 F 295 296 F 298 299 F 301 302 F 304 305 FB 307 308 F 310 311 F 313 314 F 316 317 F 319 320 F 322 323 FB 325 326 F 328 329 F 331 332 F 334 335 F 337 338 F 340 341 FB 343 344 F 346 347 F 349 350 F 352 353 F 355 356 F 358 359 FB 361 362 F 364 365 F 367 368 F 370 371 F 373 374 F 376 377 FB 379 380 F 382 383 F 385 386 F 388 389 F 391 392 F 394 395 FB 397 398 F 400 401 F 403 404 F 406 407 F 409 410 F 412 413 FB 415 416 F 418 419 F 421 422 F 424 425 F 427 428 F 430 431 FB 433 434 F 436 437 F 439 440 F 442 443 F 445 446 F 448 449 FB 451 452 F 454 455 F 457 458 F 460 461 F 463 464 F 466 467 FB 469 470 F 472 473 F 475 476 F 478 479 F 481 482 F 484 485 FB 487 488 F 490 491 F 493 494 F 496 497 F 499 500 F 502 503 FB 505 506 F 508 509 F 511 512 F 514 515 F 517 518 F 520 521 FB 523 524 F 526 527 F 529 530 F 532 533 F 535 536 F 538 539 FB 541 542 F 544 545 F 547 548 F 550 551 F 553 554 F 556 557 FB 559 560 F 562 563 F 565 566 F 568 569 F 571 572 F 574 575 FB 577 578 F 580 581 F 583 584 F 586 587 F 589 590 F 592 593 FB 595 596 F 598 599 F 601 602 F 604 605 F 607 608 F 610 611 FB 613 614 F 616 617 F 619 620 F 622 623 F 625 626 F 628 629 FB 631 632 F 634 635 F 637 638 F 640 641 F 643 644 F 646 647 FB 649 650 F 652 653 F 655 656 F 658 659 F 661 662 F 664 665 FB 667 668 F 670 671 F 673 674 F 676 677 F 679 680 F 682 683 FB 685 686 F 688 689 F 691 692 F 694 695 F 697 698 F 700 701 FB 703 704 F 706 707 F 709 710 F 712 713 F 715 716 F 718 719 FB 721 722 F 724 725 F 727 728 F 730 731 F 733 734 F 736 737 FB 739 740 F 742 743 F 745 746 F 748 749 F 751 752 F 754 755 FB 757 758 F 760 761 F 763 764 F 766 767 F 769 770 F 772 773 FB 775 776 F 778 779 F 781 782 F 784 785 F 787 788 F 790 791 FB 793 794 F 796 797 F 799 800 F 802 803 F 805 806 F 808 809 FB 811 812 F 814 815 F 817 818 F 820 821 F 823 824 F 826 827 FB 829 830 F 832 833 F 835 836 F 838 839 F 841 842 F 844 845 FB 847 848 F 850 851 F 853 854 F 856 857 F 859 860 F 862 863 FB 865 866 F 868 869 F 871 872 F 874 875 F 877 878 F 880 881 FB 883 884 F 886 887 F 889 890 F 892 893 F 895 896 F 898 899 FB 901 902 F 904 905 F 907 908 F 910 911 F 913 914 F 916 917 FB 919 920 F 922 923 F 925 926 F 928 929 F 931 932 F 934 935 FB 937 938 F 940 941 F 943 944 F 946 947 F 949 950 F 952 953 FB 955 956 F 958 959 F 961 962 F 964 965 F 967 968 F 970 971 FB 973 974 F 976 977 F 979 980 F 982 983 F 985 986 F 988 989 FB 991 992 F 994 995 F 997 998 F 1000 1001 F 1003 1004 F 1006 1007 FB 1009 1010 F 1012 1013 F 1015 1016 F 1018 1019 F 1021 1022 F 1024 1025 FB 1027 1028 F 1030 1031 F 1033 1034 F 1036 1037 F 1039 1040 F 1042 1043 FB 1045 1046 F 1048 1049 F 1051 1052 F 1054 1055 F 1057 1058 F 1060 1061 FB 1063 1064 F 1066 1067 F 1069 1070 F 1072 1073 F 1075 1076 F 1078 1079 FB 1081 1082 F 1084 1085 F 1087 1088 F 1090 1091 F 1093 1094 F 1096 1097 FB 1099 1100 F 1102 1103 F 1105 1106 F 1108 1109 F 1111 1112 F 1114 1115 FB 1117 1118 F 1120 1121 F 1123 1124 F 1126 1127 F 1129 1130 F 1132 1133 FB 1135 1136 F 1138 1139 F 1141 1142 F 1144 1145 F 1147 1148 F 1150 1151 FB 1153 1154 F 1156 1157 F 1159 1160 F 1162 1163 F 1165 1166 F 1168 1169 FB 1171 1172 F 1174 1175 F 1177 1178 F 1180 1181 F 1183 1184 F 1186 1187 FB 1189 1190 F 1192 1193 F 1195 1196 F 1198 1199 F 1201 1202 F 1204 1205 FB 1207 1208 F 1210 1211 F 1213 1214 F 1216 1217 F 1219 1220 F 1222 1223 FB 1225 1226 F 1228 1229 F 1231 1232 F 1234 1235 F 1237 1238 F 1240 1241 FB 1243 1244 F 1246 1247 F 1249 1250 F 1252 1253 F 1255 1256 F 1258 1259 FB 1261 1262 F 1264 1265 F 1267 1268 F 1270 1271 F 1273 1274 F 1276 1277 FB 1279 1280 F 1282 1283 F 1285 1286 F 1288 1289 F 1291 1292 F 1294 1295 FB 1297 1298 F 1300 1301 F 1303 1304 F 1306 1307 F 1309 1310 F 1312 1313 FB 1315 1316 F 1318 1319 F 1321 1322 F 1324 1325 F 1327 1328 F 1330 1331 FB 1333 1334 F 1336 1337 F 1339 1340 F 1342 1343 F 1345 1346 F 1348 1349 FB 1351 1352 F 1354 1355 F 1357 1358 F 1360 1361 F 1363 1364 F 1366 1367 FB 1369 1370 F 1372 1373 F 1375 1376 F 1378 1379 F 1381 1382 F 1384 1385 FB 1387 1388 F 1390 1391 F 1393 1394 F 1396 1397 F 1399 1400 F 1402 1403 FB 1405 1406 F 1408 1409 F 1411 1412 F 1414 1415 F 1417 1418 F 1420 1421 FB 1423 1424 F 1426 1427 F 1429 1430 F 1432 1433 F 1435 1436 F 1438 1439 FB 1441 1442 F 1444 1445 F 1447 1448 F 1450 1451 F 1453 1454 F 1456 1457 FB 1459 1460 F 1462 1463 F 1465 1466 F 1468 1469 F 1471 1472 F 1474 1475 FB 1477 1478 F 1480 1481 F 1483 1484 F 1486 1487 F 1489 1490 F 1492 1493 FB 1495 1496 F 1498 1499 F 1501 1502 F 1504 1505 F 1507 1508 F 1510 1511 FB 1513 1514 F 1516 1517 F 1519 1520 F 1522 1523 F 1525 1526 F 1528 1529 FB 1531 1532 F 1534 1535 F 1537 1538 F 1540 1541 F 1543 1544 F 1546 1547 FB 1549 1550 F 1552 1553 F 1555 1556 F 1558 1559 F 1561 1562 F 1564 1565 FB 1567 1568 F 1570 1571 F 1573 1574 F 1576 1577 F 1579 1580 F 1582 1583 FB 1585 1586 F 1588 1589 F 1591 1592 F 1594 1595 F 1597 1598 F 1600 1601 FB 1603 1604 F 1606 1607 F 1609 1610 F 1612 1613 F 1615 1616 F 1618 1619 FB 1621 1622 F 1624 1625 F 1627 1628 F 1630 1631 F 1633 1634 F 1636 1637 FB 1639 1640 F 1642 1643 F 1645 1646 F 1648 1649 F 1651 1652 F 1654 1655 FB 1657 1658 F 1660 1661 F 1663 1664 F 1666 1667 F 1669 1670 F 1672 1673 FB 1675 1676 F 1678 1679 F 1681 1682 F 1684 1685 F 1687 1688 F 1690 1691 FB 1693 1694 F 1696 1697 F 1699 1700 F 1702 1703 F 1705 1706 F 1708 1709 FB 1711 1712 F 1714 1715 F 1717 1718 F 1720 1721 F 1723 1724 F 1726 1727 FB 1729 1730 F 1732 1733 F 1735 1736 F 1738 1739 F 1741 1742 F 1744 1745 FB 1747 1748 F 1750 1751 F 1753 1754 F 1756 1757 F 1759 1760 F 1762 1763 FB 1765 1766 F 1768 1769 F 1771 1772 F 1774 1775 F 1777 1778 F 1780 1781 FB 1783 1784 F 1786 1787 F 1789 1790 F 1792 1793 F 1795 1796 F 1798 1799 FB 1801 1802 F 1804 1805 F 1807 1808 F 1810 1811 F 1813 1814 F 1816 1817 FB 1819 1820 F 1822 1823 F 1825 1826 F 1828 1829 F 1831 1832 F 1834 1835 FB 1837 1838 F 1840 1841 F 1843 1844 F 1846 1847 F 1849 1850 F 1852 1853 FB 1855 1856 F 1858 1859 F 1861 1862 F 1864 1865 F 1867 1868 F 1870 1871 FB 1873 1874 F 1876 1877 F 1879 1880 F 1882 1883 F 1885 1886 F 1888 1889 FB 1891 1892 F 1894 1895 F 1897 1898 F 1900 1901 F 1903 1904 F 1906 1907 FB 1909 1910 F 1912 1913 F 1915 1916 F 1918 1919 F 1921 1922 F 1924 1925 FB 1927 1928 F 1930 1931 F 1933 1934 F 1936 1937 F 1939 1940 F 1942 1943 FB 1945 1946 F 1948 1949 F 1951 1952 F 1954 1955 F 1957 1958 F 1960 1961 FB 1963 1964 F 1966 1967 F 1969 1970 F 1972 1973 F 1975 1976 F 1978 1979 FB 1981 1982 F 1984 1985 F 1987 1988 F 1990 1991 F 1993 1994 F 1996 1997 FB 1999 2000 F 2002 2003 F 2005 2006 F 2008 2009 F 2011 2012 F 2014 2015 
